13.1877	25.0216	24.7039
16.6306	17.7619	25.5772
15.2817	18.533	18.8171
15.2455	17.6957	21.4326
15.0989	19.3605	23.4778
15.3057	18.8977	27.6564
15.0165	19.0291	30.4246
14.6324	21.1132	18.254
15.0103	20.4768	20.8362
14.0574	21.8792	22.9112
15.1299	20.944	25.6249
15.0197	21.3613	28.7211
15.423	22.4303	15.9183
14.6129	23.0383	20.1066
13.4709	24.395	22.1406
15.3144	23.3396	24.612
13.5539	22.9734	26.495
14.1466	24.1974	28.7709
14.9678	25.0141	31.3262
14.9367	24.6922	18.0563
15.1729	25.9919	20.7064
13.4689	27.0204	22.5537
15.212	25.2887	26.3611
13.0467	26.2771	27.221
14.9565	27.4823	18.5029
14.4302	28.7093	20.7482
14.235	27.5698	24.944
15.1605	29.888	26.0326
15.4241	27.5911	27.1856
14.796	29.8017	23.3826
16.5377	15.5125	24.0429
17.6324	18.0635	17.6246
17.4719	17.9483	20.1602
17.3121	17.7041	23.0462
17.832	18.1344	27.761
17.4099	17.6598	30.2859
16.5188	20.0627	16.6362
17.2257	20.2817	19.0673
17.1911	19.7788	21.7548
17.3321	19.8803	24.5407
17.1541	20.5604	27.094
17.1946	20.1038	29.6634
17.4554	19.5001	32.364
17.1279	20.7044	14.1824
16.6371	22.6621	18.2803
17.0788	22.1118	20.6869
16.6126	21.6764	23.167
17.5002	22.3763	25.4629
18.0864	22.1841	28.7118
15.6064	21.4885	31.5179
17.3865	23.3776	14.0541
16.9588	24.4799	16.2941
16.9592	24.4529	19.9336
15.9304	23.8016	22.107
18.0635	23.6947	23.2682
17.2746	24.8399	25.2682
16.0652	23.0859	27.2693
16.3646	23.3274	29.9549
17.124	23.8186	32.5285
15.857	26.7787	15.968
17.0874	26.1306	18.2678
17.5769	25.8231	21.9906
15.5182	25.6247	23.6356
17.7274	26.6486	26.9293
16.4681	25.3789	28.6077
17.4132	25.8447	30.8973
17.2699	28.509	17.5405
17.237	27.706	20.2092
16.0466	27.7343	22.5349
16.7855	27.3948	24.8446
17.453	29.1375	26.8434
17.1107	27.81	29.1297
14.5393	26.8413	29.4786
15.9055	30.1138	18.9364
16.6555	29.8435	21.436
17.3061	29.7608	24.2182
16.9788	31.7995	25.6815
15.1437	29.4671	28.9522
16.7684	31.9967	22.883
17.8638	15.6859	18.6576
17.2679	15.667	21.3322
19.1434	15.3612	23.2318
18.3693	15.6125	26.0903
18.5903	15.7295	28.7939
19.8777	17.4988	16.6309
19.7068	17.4503	19.1659
19.4082	17.4047	21.6655
19.2626	17.5091	24.6195
20.0766	17.3489	26.946
19.9156	17.8448	29.3447
19.4553	17.1483	31.8725
17.6486	17.9199	14.9911
19.2279	19.8554	15.5216
19.5009	19.8143	17.9265
19.3365	19.7894	20.4383
19.3027	19.4025	23.0441
19.1576	19.5446	25.9877
19.3829	20.0863	28.4811
19.6001	19.6595	31.0105
20.9567	18.7626	33.3731
19.546	21.9783	13.9957
18.0904	22.0379	16.4328
19.1871	21.9898	19.0436
19.0138	21.6027	21.9898
19.3521	21.4483	24.3109
19.5418	21.8806	26.851
20.4029	21.9317	30.0611
18.2136	21.85	31.2646
19.8728	21.274	33.161
20.0428	24.5071	13.0363
19.5574	24.1131	15.6369
18.7221	24.1265	17.9872
19.0859	23.812	20.9538
20.4452	23.4331	22.991
19.7297	23.7516	25.2724
18.2591	24.202	27.3788
18.8395	24.0576	30.0443
19.7401	23.8132	32.3806
17.9828	25.9571	14.0665
18.6026	26.5285	16.4025
19.0529	25.9126	19.7304
20.058	26.0341	22.0024
18.9784	25.9793	24.1429
19.9348	25.8382	26.4566
19.097	26.2357	28.9229
20.1627	26.0348	31.0738
18.7244	26.2178	33.1809
17.7205	28.5905	14.9479
20.1393	28.7003	15.902
19.5319	27.8412	18.3259
19.7557	28.1614	20.7461
18.5428	28.0959	22.8158
19.1407	28.0916	25.4264
20.1076	28.0066	27.6226
18.7091	28.0899	31.1426
15.9722	27.8889	31.5224
18.4319	30.7201	16.9519
18.521	29.8762	19.4801
18.855	30.5327	22.0482
19.8052	30.058	24.2284
19.2806	30.8282	26.6482
18.8657	29.5039	28.9475
17.1876	30.2527	30.7259
17.4226	32.0624	20.1125
19.2241	33.1607	21.626
18.9751	32.559	24.2671
16.9227	31.2279	28.2046
19.1972	32.0559	29.238
20.4701	15.1271	17.8808
19.8187	15.0855	20.531
21.6526	14.7959	22.4892
20.986	15.3986	25.0987
20.9277	15.0242	27.6902
21.9108	16.3583	15.6046
22.0151	17.0998	18.1524
21.6784	16.8965	20.6965
21.3408	17.2069	23.2458
22.237	17.5386	25.8841
22.181	17.241	28.4557
21.0163	15.6112	30.2765
20.5322	18.1786	14.1255
21.7867	19.3009	16.6732
21.4335	19.1902	19.4131
21.3898	19.2152	21.7888
21.224	19.3701	24.532
21.3217	19.5744	26.9828
21.6427	19.8034	29.3367
21.9002	17.9881	30.9774
23.2768	15.9809	31.8838
21.6787	20.618	14.3549
20.4572	21.7849	16.4998
21.7771	21.3357	18.4549
21.063	21.9831	20.7321
21.5979	21.2515	22.9582
21.4391	21.7291	25.4033
21.8401	21.8017	27.866
21.9043	20.4981	31.7357
22.7757	20.912	34.1914
21.8013	23.3385	14.5736
21.8309	23.629	17.0844
20.8083	24.0038	19.2042
21.7563	24.4931	21.3461
22.6122	23.3453	24.0407
21.8581	24.3735	26.3348
20.4488	23.7884	28.1786
21.4766	24.1286	30.3582
22.039	22.825	32.4778
22.9154	25.6101	13.3347
20.6249	25.6945	17.3814
21.4363	26.4781	19.6861
22.3287	27.0671	21.783
21.4386	25.4546	24.054
21.9818	26.9756	25.9894
21.5785	26.006	28.5503
22.6118	26.3512	30.8278
21.9545	25.3865	33.0318
20.7034	26.3665	14.8502
21.8936	27.7094	17.5154
21.9592	29.0331	19.8574
21.215	29.379	22.1587
20.9297	27.7792	23.8478
21.3622	29.3586	26.0203
22.6222	28.235	28.076
21.0858	28.2411	29.9785
21.0208	28.0004	32.5727
22.1204	30.7819	15.9546
20.6908	30.047	18.0145
20.5795	31.0554	20.3987
22.6831	29.8655	24.0101
21.1929	31.8831	25.2863
21.1696	30.3381	28.3798
20.0571	30.3633	31.1339
19.7026	32.5604	18.6274
21.7394	33.4855	20.7711
20.9894	31.7597	22.8501
21.0774	32.8157	27.5947
21.8994	32.1441	30.1208
26.0329	13.2711	25.2805
23.2808	14.8399	17.3016
22.4576	14.6589	19.8021
23.8074	13.3941	21.7444
23.3415	13.6828	24.454
23.2362	15.2274	26.5582
23.4666	15.1044	29.2189
26.0432	15.7156	29.8483
24.5135	15.9384	14.6527
24.1279	17.28	16.7341
24.1844	16.5266	19.2742
23.8373	16.0805	21.745
23.3773	16.1826	24.1056
25.5048	15.842	25.4159
24.6245	16.991	27.6315
24.3112	17.506	30.0807
25.8745	16.8511	32.2611
23.1734	18.4608	14.5567
24.5079	19.6702	16.4149
23.5889	19.0296	18.5109
23.6429	18.3286	20.8754
23.3187	18.8107	23.3325
24.4711	18.0509	25.3679
23.5754	19.1421	27.883
23.8098	19.8374	30.319
23.6693	18.6854	32.7261
24.3404	20.9437	14.1062
23.0216	21.6291	16.2344
24.3353	21.4159	18.3677
23.1501	20.6923	20.7004
23.9254	21.2233	23.6027
23.3814	20.1849	25.7039
24.31	21.4046	28.0606
22.9998	22.068	30.0513
24.3858	21.5753	32.2451
25.9736	22.5114	12.7449
24.2662	23.5055	14.7205
24.2666	23.6568	17.2278
23.0555	23.1632	19.4806
23.5017	22.8812	21.8767
23.4852	22.6739	26.1646
25.3441	23.9196	26.8193
23.1414	23.9477	28.418
23.8172	24.0487	31.0938
24.1878	23.8823	33.6607
25.6274	25.1841	13.2442
22.9107	25.5727	15.8167
23.1094	25.5135	18.2324
23.865	25.3001	20.423
23.6228	25.2517	22.8071
23.8391	25.2437	25.2187
23.7902	26.0929	27.3726
24.5921	25.8354	29.5426
25.1416	25.8744	32.0449
22.7076	28.2076	15.1054
24.2977	27.4045	17.0167
23.8909	27.6633	19.5796
23.7618	28.9717	21.9245
23.4092	27.3814	23.9931
23.8696	28.7531	25.994
25.0764	28.1289	28.0496
23.9707	28.2317	30.2698
23.6734	27.7683	32.8456
25.2249	29.6131	15.9051
23.3982	29.5727	17.743
24.267	30.2621	19.8887
22.8683	31.311	21.5227
24.9545	30.5979	24.7974
23.0633	31.0968	26.5739
23.5513	30.3363	28.9906
22.6349	29.965	31.4451
25.3394	29.7859	31.9446
24.9035	31.6488	17.5557
22.4199	31.7863	18.7321
24.041	33.9471	22.3749
23.3543	32.2381	23.9814
22.7624	33.9617	25.8483
23.7145	32.8922	28.2865
24.7424	31.9876	30.5683
21.3791	34.1288	23.5028
25.8765	15.1619	17.7364
25.728	14.8546	20.4942
25.5404	14.7393	23.1826
27.8658	15.2821	25.9446
25.6671	14.5284	27.6012
26.7369	16.8787	15.9009
26.0624	17.7115	18.209
26.1629	17.6429	20.7529
25.4537	17.4067	23.1498
27.028	17.7412	25.1505
26.9884	17.0671	27.6749
27.4415	17.8385	30.1523
25.8132	18.7063	14.448
26.8812	19.673	16.9433
25.597	19.7115	19.5307
25.2435	19.7038	21.9877
25.9492	19.7529	24.2282
25.8438	19.3408	26.7389
25.8469	19.2137	29.0251
25.8433	19.2747	31.5422
25.5821	20.1083	34.0617
27.2231	20.8792	14.467
25.6636	21.8412	16.268
26.87	21.6384	18.6607
25.2954	21.8109	20.7195
26.1989	21.8606	22.9603
25.4889	21.5392	25.6917
26.6952	21.4754	27.8483
25.7486	21.3905	30.1903
27.2061	21.2063	32.3247
26.8554	23.5665	14.9218
26.7745	23.8556	17.4034
25.4485	23.704	19.3556
25.6266	24.2198	21.8034
25.1669	23.5411	24.2441
27.0225	25.0837	25.52
25.4193	23.492	29.1749
26.131	23.4477	31.7279
26.6346	22.9379	34.1854
27.6551	26.0411	14.8461
25.4815	25.4407	16.0711
25.6407	26.0913	18.6393
25.3429	26.9026	21.4157
25.8175	25.9425	23.6286
25.5112	26.9642	25.7643
26.3739	25.9508	27.8344
26.3097	27.4686	30.3369
27.6594	25.379	32.6664
25.1559	27.4082	14.4838
26.772	27.5855	16.7828
25.8852	28.909	18.6305
26.1941	29.1971	21.2123
25.4773	28.4575	23.5641
26.6151	28.9995	26.0603
27.4818	28.1109	28.2426
26.0193	29.9151	29.5418
26.6462	27.7855	32.8856
27.4976	30.3599	17.2539
26.4266	31.4514	19.5992
25.1754	31.2093	22.2349
27.0808	30.2347	23.7842
25.0742	32.8593	26.0831
25.3612	30.5958	27.3205
27.5659	31.8039	30.5957
24.3746	32.9118	20.0346
26.6901	33.5223	21.3394
26.1072	32.8523	23.839
27.6533	33.8977	26.0532
26.4251	32.6158	28.3517
27.7823	16.0079	19.4699
29.7148	15.2749	21.498
28.2401	14.1205	23.6413
30.3843	15.4402	26.642
28.2479	14.9015	28.5271
28.6384	17.4139	17.514
28.9066	17.709	20.9623
27.3765	16.1045	22.2306
28.9605	16.6575	24.0404
29.0994	17.6456	26.3572
29.4755	17.1537	28.7875
28.5055	15.8556	31.2237
28.6344	18.7727	15.1737
29.357	19.9376	17.3952
27.9062	19.0434	19.2444
29.9416	19.8243	21.7695
27.7196	18.6668	22.9
27.9234	20.1493	25.7182
28.1604	19.2801	27.9634
28.1472	20.2508	30.1913
27.9857	18.6266	32.7235
30.4553	20.8783	15.3392
28.2178	21.9241	16.5584
29.1095	21.216	19.4922
27.4939	20.3819	21.2213
28.3915	21.2256	23.4838
27.5122	22.6501	25.4516
29.025	21.6696	27.912
27.879	22.6902	30.0393
29.7816	20.6487	32.1855
29.1089	22.7673	13.9771
29.0432	24.227	16.1396
28.7071	23.6024	18.8724
27.5198	22.8095	20.9371
27.549	23.9106	23.2576
29.2229	24.2361	26.1785
27.6179	23.7814	27.8737
27.029	25.1032	30.1269
28.8547	23.1101	32.4437
29.8353	26.8411	15.9898
28.0982	25.8357	17.7843
27.2716	25.0779	20.1688
27.6601	26.3471	22.1678
29.0302	25.6718	24.1865
28.547	26.9281	26.3499
28.7999	25.8937	28.4267
28.7112	26.855	30.7481
30.3734	25.4215	32.6955
27.8456	28.7958	14.9158
28.8979	28.1641	18.0188
27.4669	27.4351	19.9194
28.4345	28.7018	22.0895
27.6972	27.7598	24.235
28.9966	29.4305	26.172
29.674	28.4656	29.0405
28.0157	29.2702	30.9649
29.294	27.9987	32.9924
30.0384	29.6652	16.3528
28.2347	29.7653	19.7172
27.7261	31.2587	21.7258
29.424	30.1456	23.808
27.3574	31.4176	25.9459
28.1001	30.4764	28.2587
30.1484	30.6351	30.3316
28.9289	32.0943	19.033
29.5833	33.206	21.3941
28.5993	32.5956	23.7255
29.8832	31.9844	25.8129
29.1305	32.7648	28.2746
31.0703	15.1657	23.8572
30.4708	16.499	19.1535
32.3148	16.3089	21.022
30.7278	17.5379	22.5973
31.336	17.4535	25.1997
31.7777	17.6606	27.8222
31.0411	18.0744	16.7394
30.4673	19.0035	19.3745
32.2253	18.9496	21.1154
29.7183	19.2113	24.2894
30.5151	19.5839	26.6338
30.4186	19.7334	29.0474
30.016	18.2469	31.0624
32.0592	20.3563	17.6451
31.5087	21.2947	20.0086
29.7111	22.2093	21.5969
30.9473	21.3215	23.5425
29.8081	21.7283	25.6584
31.4595	21.8345	27.7074
30.3071	22.0879	30.0738
31.4833	23.4441	15.5661
30.4143	22.321	17.6518
30.9629	23.6895	19.8119
31.6815	23.4917	22.2058
29.8477	23.4324	23.8885
31.5648	23.4697	25.7818
30.3338	23.9069	28.273
29.5262	24.54	30.4719
31.5204	22.8318	32.1745
30.8291	24.9917	17.6818
29.6664	26.0113	19.689
29.3608	24.5812	21.6486
31.5456	25.3951	23.822
31.0019	25.8417	26.2836
31.127	26.3487	28.8137
32.0852	24.7976	30.5006
31.3728	27.4973	18.1186
30.1754	28.2647	20.3472
30.1082	26.8283	22.2988
30.2068	27.7873	24.5711
30.9532	28.144	26.9873
32.2968	28.8555	29.2
31.1661	27.4908	31.1286
30.8832	30.1574	18.838
30.0586	30.662	21.2947
31.3394	28.9274	22.6426
31.4563	29.9821	25.2089
30.8121	30.6008	27.7716
31.3304	31.8243	23.3016
33.3075	16.9815	23.4346
32.8972	18.0524	18.8301
34.5732	19.1707	22.1349
32.267	19.2903	23.6417
33.5583	18.5954	25.869
33.0558	19.9905	28.1377
33.968	20.6187	19.7152
32.8482	21.2199	22.0673
34.5436	20.6524	24.386
32.2726	20.8479	25.5745
32.1258	20.2139	30.8584
32.8571	22.8968	17.9895
33.4869	23.2788	20.4581
35.1805	22.1493	22.1816
33.0693	22.7665	24.0669
33.9452	22.3722	26.7225
32.7624	24.4033	27.8762
32.9577	22.4377	29.6349
33.0875	25.4972	18.9042
31.8531	25.7112	21.0595
33.9816	24.7081	22.6376
33.5796	25.1042	25.3966
33.3271	26.8992	27.5268
32.7067	28.0818	20.3041
32.6185	30.633	21.0886
33.2015	27.1629	22.6871
32.6507	27.5618	25.072
33.3726	29.534	26.8011
33.5572	29.7645	23.671
35.4977	23.3417	24.6637
