12.8838	15.7469	21.4731
12.8838	15.7469	24.3361
12.8838	18.61	18.61
12.8838	18.61	21.4731
11.4523	17.1784	22.9046
12.8838	18.61	24.3361
12.8838	18.61	27.1992
12.8838	21.4731	15.7469
12.8838	21.4731	18.61
11.4523	20.0415	20.0415
12.8838	21.4731	21.4731
11.4523	20.0415	22.9046
12.8838	21.4731	24.3361
11.4523	20.0415	25.7677
12.8838	21.4731	27.1992
12.8838	21.4731	30.0623
12.8838	24.3361	15.7469
11.4523	22.9046	17.1784
12.8838	24.3361	18.61
11.4523	22.9046	20.0415
12.8838	24.3361	21.4731
11.4523	22.9046	22.9046
12.8838	24.3361	24.3361
11.4523	22.9046	25.7677
12.8838	24.3361	27.1992
11.4523	22.9046	28.6307
12.8838	24.3361	30.0623
12.8838	27.1992	18.61
11.4523	25.7677	20.0415
12.8838	27.1992	21.4731
11.4523	25.7677	22.9046
12.8838	27.1992	24.3361
11.4523	25.7677	25.7677
12.8838	27.1992	27.1992
12.8838	30.0623	21.4731
11.4523	28.6307	22.9046
12.8838	30.0623	24.3361
15.7469	12.8838	21.4731
15.7469	12.8838	24.3361
15.7469	15.7469	15.7469
15.7469	15.7469	18.61
14.3154	14.3154	20.0415
15.7469	15.7469	21.4731
14.3154	14.3154	22.9046
15.7469	15.7469	24.3361
14.3154	14.3154	25.7677
15.7469	15.7469	27.1992
15.7469	15.7469	30.0623
15.7469	18.61	15.7469
14.3154	17.1784	17.1784
15.7469	18.61	18.61
14.3154	17.1784	20.0415
15.7469	18.61	21.4731
14.3154	17.1784	22.9046
15.7469	18.61	24.3361
14.3154	17.1784	25.7677
15.7469	18.61	27.1992
14.3154	17.1784	28.6307
15.7469	18.61	30.0623
15.7469	21.4731	12.8838
14.3154	20.0415	14.3154
15.7469	21.4731	15.7469
14.3154	20.0415	17.1784
15.7469	21.4731	18.61
14.3154	20.0415	20.0415
15.7469	21.4731	21.4731
14.3154	20.0415	22.9046
15.7469	21.4731	24.3361
14.3154	20.0415	25.7677
15.7469	21.4731	27.1992
14.3154	20.0415	28.6307
15.7469	21.4731	30.0623
14.3154	20.0415	31.4938
15.7469	21.4731	32.9253
15.7469	24.3361	12.8838
14.3154	22.9046	14.3154
15.7469	24.3361	15.7469
14.3154	22.9046	17.1784
15.7469	24.3361	18.61
14.3154	22.9046	20.0415
15.7469	24.3361	21.4731
14.3154	22.9046	22.9046
15.7469	24.3361	24.3361
14.3154	22.9046	25.7677
15.7469	24.3361	27.1992
14.3154	22.9046	28.6307
15.7469	24.3361	30.0623
14.3154	22.9046	31.4938
15.7469	24.3361	32.9253
14.3154	25.7677	14.3154
15.7469	27.1992	15.7469
14.3154	25.7677	17.1784
15.7469	27.1992	18.61
14.3154	25.7677	20.0415
15.7469	27.1992	21.4731
14.3154	25.7677	22.9046
15.7469	27.1992	24.3361
14.3154	25.7677	25.7677
15.7469	27.1992	27.1992
14.3154	25.7677	28.6307
15.7469	27.1992	30.0623
14.3154	25.7677	31.4938
15.7469	30.0623	15.7469
14.3154	28.6307	17.1784
15.7469	30.0623	18.61
14.3154	28.6307	20.0415
15.7469	30.0623	21.4731
14.3154	28.6307	22.9046
15.7469	30.0623	24.3361
14.3154	28.6307	25.7677
15.7469	30.0623	27.1992
14.3154	28.6307	28.6307
15.7469	30.0623	30.0623
14.3154	31.4938	20.0415
15.7469	32.9253	21.4731
14.3154	31.4938	22.9046
15.7469	32.9253	24.3361
14.3154	31.4938	25.7677
18.61	12.8838	18.61
18.61	12.8838	21.4731
17.1784	11.4523	22.9046
18.61	12.8838	24.3361
18.61	12.8838	27.1992
18.61	15.7469	15.7469
17.1784	14.3154	17.1784
18.61	15.7469	18.61
17.1784	14.3154	20.0415
18.61	15.7469	21.4731
17.1784	14.3154	22.9046
18.61	15.7469	24.3361
17.1784	14.3154	25.7677
18.61	15.7469	27.1992
17.1784	14.3154	28.6307
18.61	15.7469	30.0623
18.61	18.61	12.8838
17.1784	17.1784	14.3154
18.61	18.61	15.7469
17.1784	17.1784	17.1784
18.61	18.61	18.61
17.1784	17.1784	20.0415
18.61	18.61	21.4731
17.1784	17.1784	22.9046
18.61	18.61	24.3361
17.1784	17.1784	25.7677
18.61	18.61	27.1992
17.1784	17.1784	28.6307
18.61	18.61	30.0623
17.1784	17.1784	31.4938
18.61	18.61	32.9253
18.61	21.4731	12.8838
17.1784	20.0415	14.3154
18.61	21.4731	15.7469
17.1784	20.0415	17.1784
18.61	21.4731	18.61
17.1784	20.0415	20.0415
18.61	21.4731	21.4731
17.1784	20.0415	22.9046
18.61	21.4731	24.3361
17.1784	20.0415	25.7677
18.61	21.4731	27.1992
17.1784	20.0415	28.6307
18.61	21.4731	30.0623
17.1784	20.0415	31.4938
18.61	21.4731	32.9253
17.1784	22.9046	11.4523
18.61	24.3361	12.8838
17.1784	22.9046	14.3154
18.61	24.3361	15.7469
17.1784	22.9046	17.1784
18.61	24.3361	18.61
17.1784	22.9046	20.0415
18.61	24.3361	21.4731
17.1784	22.9046	22.9046
18.61	24.3361	24.3361
17.1784	22.9046	25.7677
18.61	24.3361	27.1992
17.1784	22.9046	28.6307
18.61	24.3361	30.0623
17.1784	22.9046	31.4938
18.61	24.3361	32.9253
17.1784	22.9046	34.3569
18.61	27.1992	12.8838
17.1784	25.7677	14.3154
18.61	27.1992	15.7469
17.1784	25.7677	17.1784
18.61	27.1992	18.61
17.1784	25.7677	20.0415
18.61	27.1992	21.4731
17.1784	25.7677	22.9046
18.61	27.1992	24.3361
17.1784	25.7677	25.7677
18.61	27.1992	27.1992
17.1784	25.7677	28.6307
18.61	27.1992	30.0623
17.1784	25.7677	31.4938
18.61	27.1992	32.9253
17.1784	28.6307	14.3154
18.61	30.0623	15.7469
17.1784	28.6307	17.1784
18.61	30.0623	18.61
17.1784	28.6307	20.0415
18.61	30.0623	21.4731
17.1784	28.6307	22.9046
18.61	30.0623	24.3361
17.1784	28.6307	25.7677
18.61	30.0623	27.1992
17.1784	28.6307	28.6307
18.61	30.0623	30.0623
17.1784	28.6307	31.4938
17.1784	31.4938	17.1784
18.61	32.9253	18.61
17.1784	31.4938	20.0415
18.61	32.9253	21.4731
17.1784	31.4938	22.9046
18.61	32.9253	24.3361
17.1784	31.4938	25.7677
18.61	32.9253	27.1992
17.1784	31.4938	28.6307
17.1784	34.3569	22.9046
21.4731	12.8838	15.7469
21.4731	12.8838	18.61
20.0415	11.4523	20.0415
21.4731	12.8838	21.4731
20.0415	11.4523	22.9046
21.4731	12.8838	24.3361
20.0415	11.4523	25.7677
21.4731	12.8838	27.1992
21.4731	12.8838	30.0623
21.4731	15.7469	12.8838
20.0415	14.3154	14.3154
21.4731	15.7469	15.7469
20.0415	14.3154	17.1784
21.4731	15.7469	18.61
20.0415	14.3154	20.0415
21.4731	15.7469	21.4731
20.0415	14.3154	22.9046
21.4731	15.7469	24.3361
20.0415	14.3154	25.7677
21.4731	15.7469	27.1992
20.0415	14.3154	28.6307
21.4731	15.7469	30.0623
20.0415	14.3154	31.4938
21.4731	15.7469	32.9253
21.4731	18.61	12.8838
20.0415	17.1784	14.3154
21.4731	18.61	15.7469
20.0415	17.1784	17.1784
21.4731	18.61	18.61
20.0415	17.1784	20.0415
21.4731	18.61	21.4731
20.0415	17.1784	22.9046
21.4731	18.61	24.3361
20.0415	17.1784	25.7677
21.4731	18.61	27.1992
20.0415	17.1784	28.6307
21.4731	18.61	30.0623
20.0415	17.1784	31.4938
21.4731	18.61	32.9253
20.0415	20.0415	11.4523
21.4731	21.4731	12.8838
20.0415	20.0415	14.3154
21.4731	21.4731	15.7469
20.0415	20.0415	17.1784
21.4731	21.4731	18.61
20.0415	20.0415	20.0415
21.4731	21.4731	21.4731
20.0415	20.0415	22.9046
21.4731	21.4731	24.3361
20.0415	20.0415	25.7677
21.4731	21.4731	27.1992
20.0415	20.0415	28.6307
21.4731	21.4731	30.0623
20.0415	20.0415	31.4938
21.4731	21.4731	32.9253
20.0415	20.0415	34.3569
20.0415	22.9046	11.4523
21.4731	24.3361	12.8838
20.0415	22.9046	14.3154
21.4731	24.3361	15.7469
20.0415	22.9046	17.1784
21.4731	24.3361	18.61
20.0415	22.9046	20.0415
21.4731	24.3361	21.4731
20.0415	22.9046	22.9046
21.4731	24.3361	24.3361
20.0415	22.9046	25.7677
21.4731	24.3361	27.1992
20.0415	22.9046	28.6307
21.4731	24.3361	30.0623
20.0415	22.9046	31.4938
21.4731	24.3361	32.9253
20.0415	22.9046	34.3569
20.0415	25.7677	11.4523
21.4731	27.1992	12.8838
20.0415	25.7677	14.3154
21.4731	27.1992	15.7469
20.0415	25.7677	17.1784
21.4731	27.1992	18.61
20.0415	25.7677	20.0415
21.4731	27.1992	21.4731
20.0415	25.7677	22.9046
21.4731	27.1992	24.3361
20.0415	25.7677	25.7677
21.4731	27.1992	27.1992
20.0415	25.7677	28.6307
21.4731	27.1992	30.0623
20.0415	25.7677	31.4938
21.4731	27.1992	32.9253
20.0415	25.7677	34.3569
21.4731	30.0623	12.8838
20.0415	28.6307	14.3154
21.4731	30.0623	15.7469
20.0415	28.6307	17.1784
21.4731	30.0623	18.61
20.0415	28.6307	20.0415
21.4731	30.0623	21.4731
20.0415	28.6307	22.9046
21.4731	30.0623	24.3361
20.0415	28.6307	25.7677
21.4731	30.0623	27.1992
20.0415	28.6307	28.6307
21.4731	30.0623	30.0623
20.0415	28.6307	31.4938
21.4731	30.0623	32.9253
20.0415	31.4938	14.3154
21.4731	32.9253	15.7469
20.0415	31.4938	17.1784
21.4731	32.9253	18.61
20.0415	31.4938	20.0415
21.4731	32.9253	21.4731
20.0415	31.4938	22.9046
21.4731	32.9253	24.3361
20.0415	31.4938	25.7677
21.4731	32.9253	27.1992
20.0415	31.4938	28.6307
21.4731	32.9253	30.0623
20.0415	31.4938	31.4938
20.0415	34.3569	20.0415
20.0415	34.3569	22.9046
20.0415	34.3569	25.7677
24.3361	12.8838	15.7469
22.9046	11.4523	17.1784
24.3361	12.8838	18.61
22.9046	11.4523	20.0415
24.3361	12.8838	21.4731
22.9046	11.4523	22.9046
24.3361	12.8838	24.3361
22.9046	11.4523	25.7677
24.3361	12.8838	27.1992
22.9046	11.4523	28.6307
24.3361	12.8838	30.0623
24.3361	15.7469	12.8838
22.9046	14.3154	14.3154
24.3361	15.7469	15.7469
22.9046	14.3154	17.1784
24.3361	15.7469	18.61
22.9046	14.3154	20.0415
24.3361	15.7469	21.4731
22.9046	14.3154	22.9046
24.3361	15.7469	24.3361
22.9046	14.3154	25.7677
24.3361	15.7469	27.1992
22.9046	14.3154	28.6307
24.3361	15.7469	30.0623
22.9046	14.3154	31.4938
24.3361	15.7469	32.9253
22.9046	17.1784	11.4523
24.3361	18.61	12.8838
22.9046	17.1784	14.3154
24.3361	18.61	15.7469
22.9046	17.1784	17.1784
24.3361	18.61	18.61
22.9046	17.1784	20.0415
24.3361	18.61	21.4731
22.9046	17.1784	22.9046
24.3361	18.61	24.3361
22.9046	17.1784	25.7677
24.3361	18.61	27.1992
22.9046	17.1784	28.6307
24.3361	18.61	30.0623
22.9046	17.1784	31.4938
24.3361	18.61	32.9253
22.9046	17.1784	34.3569
22.9046	20.0415	11.4523
24.3361	21.4731	12.8838
22.9046	20.0415	14.3154
24.3361	21.4731	15.7469
22.9046	20.0415	17.1784
24.3361	21.4731	18.61
22.9046	20.0415	20.0415
24.3361	21.4731	21.4731
22.9046	20.0415	22.9046
24.3361	21.4731	24.3361
22.9046	20.0415	25.7677
24.3361	21.4731	27.1992
22.9046	20.0415	28.6307
24.3361	21.4731	30.0623
22.9046	20.0415	31.4938
24.3361	21.4731	32.9253
22.9046	20.0415	34.3569
22.9046	22.9046	11.4523
24.3361	24.3361	12.8838
22.9046	22.9046	14.3154
24.3361	24.3361	15.7469
22.9046	22.9046	17.1784
24.3361	24.3361	18.61
22.9046	22.9046	20.0415
24.3361	24.3361	21.4731
24.3361	24.3361	24.3361
22.9046	22.9046	25.7677
24.3361	24.3361	27.1992
22.9046	22.9046	28.6307
24.3361	24.3361	30.0623
22.9046	22.9046	31.4938
24.3361	24.3361	32.9253
22.9046	22.9046	34.3569
22.9046	25.7677	11.4523
24.3361	27.1992	12.8838
22.9046	25.7677	14.3154
24.3361	27.1992	15.7469
22.9046	25.7677	17.1784
24.3361	27.1992	18.61
22.9046	25.7677	20.0415
24.3361	27.1992	21.4731
22.9046	25.7677	22.9046
24.3361	27.1992	24.3361
22.9046	25.7677	25.7677
24.3361	27.1992	27.1992
22.9046	25.7677	28.6307
24.3361	27.1992	30.0623
22.9046	25.7677	31.4938
24.3361	27.1992	32.9253
22.9046	25.7677	34.3569
22.9046	28.6307	11.4523
24.3361	30.0623	12.8838
22.9046	28.6307	14.3154
24.3361	30.0623	15.7469
22.9046	28.6307	17.1784
24.3361	30.0623	18.61
22.9046	28.6307	20.0415
24.3361	30.0623	21.4731
22.9046	28.6307	22.9046
24.3361	30.0623	24.3361
22.9046	28.6307	25.7677
24.3361	30.0623	27.1992
22.9046	28.6307	28.6307
24.3361	30.0623	30.0623
22.9046	28.6307	31.4938
24.3361	30.0623	32.9253
22.9046	28.6307	34.3569
22.9046	31.4938	14.3154
24.3361	32.9253	15.7469
22.9046	31.4938	17.1784
24.3361	32.9253	18.61
22.9046	31.4938	20.0415
24.3361	32.9253	21.4731
22.9046	31.4938	22.9046
24.3361	32.9253	24.3361
22.9046	31.4938	25.7677
24.3361	32.9253	27.1992
22.9046	31.4938	28.6307
24.3361	32.9253	30.0623
22.9046	31.4938	31.4938
22.9046	34.3569	17.1784
22.9046	34.3569	20.0415
22.9046	34.3569	22.9046
22.9046	34.3569	25.7677
22.9046	34.3569	28.6307
27.1992	12.8838	18.61
25.7677	11.4523	20.0415
27.1992	12.8838	21.4731
25.7677	11.4523	22.9046
27.1992	12.8838	24.3361
25.7677	11.4523	25.7677
27.1992	12.8838	27.1992
25.7677	14.3154	14.3154
27.1992	15.7469	15.7469
25.7677	14.3154	17.1784
27.1992	15.7469	18.61
25.7677	14.3154	20.0415
27.1992	15.7469	21.4731
25.7677	14.3154	22.9046
27.1992	15.7469	24.3361
25.7677	14.3154	25.7677
27.1992	15.7469	27.1992
25.7677	14.3154	28.6307
27.1992	15.7469	30.0623
25.7677	14.3154	31.4938
27.1992	18.61	12.8838
25.7677	17.1784	14.3154
27.1992	18.61	15.7469
25.7677	17.1784	17.1784
27.1992	18.61	18.61
25.7677	17.1784	20.0415
27.1992	18.61	21.4731
25.7677	17.1784	22.9046
27.1992	18.61	24.3361
25.7677	17.1784	25.7677
27.1992	18.61	27.1992
25.7677	17.1784	28.6307
27.1992	18.61	30.0623
25.7677	17.1784	31.4938
27.1992	18.61	32.9253
25.7677	20.0415	11.4523
27.1992	21.4731	12.8838
25.7677	20.0415	14.3154
27.1992	21.4731	15.7469
25.7677	20.0415	17.1784
27.1992	21.4731	18.61
25.7677	20.0415	20.0415
27.1992	21.4731	21.4731
25.7677	20.0415	22.9046
27.1992	21.4731	24.3361
25.7677	20.0415	25.7677
27.1992	21.4731	27.1992
25.7677	20.0415	28.6307
27.1992	21.4731	30.0623
25.7677	20.0415	31.4938
27.1992	21.4731	32.9253
25.7677	20.0415	34.3569
25.7677	22.9046	11.4523
27.1992	24.3361	12.8838
25.7677	22.9046	14.3154
27.1992	24.3361	15.7469
25.7677	22.9046	17.1784
27.1992	24.3361	18.61
25.7677	22.9046	20.0415
27.1992	24.3361	21.4731
25.7677	22.9046	22.9046
27.1992	24.3361	24.3361
25.7677	22.9046	25.7677
27.1992	24.3361	27.1992
25.7677	22.9046	28.6307
27.1992	24.3361	30.0623
25.7677	22.9046	31.4938
27.1992	24.3361	32.9253
25.7677	22.9046	34.3569
25.7677	25.7677	11.4523
27.1992	27.1992	12.8838
25.7677	25.7677	14.3154
27.1992	27.1992	15.7469
25.7677	25.7677	17.1784
27.1992	27.1992	18.61
25.7677	25.7677	20.0415
27.1992	27.1992	21.4731
25.7677	25.7677	22.9046
27.1992	27.1992	24.3361
25.7677	25.7677	25.7677
27.1992	27.1992	27.1992
25.7677	25.7677	28.6307
27.1992	27.1992	30.0623
25.7677	25.7677	31.4938
27.1992	27.1992	32.9253
25.7677	25.7677	34.3569
25.7677	28.6307	14.3154
27.1992	30.0623	15.7469
25.7677	28.6307	17.1784
27.1992	30.0623	18.61
25.7677	28.6307	20.0415
27.1992	30.0623	21.4731
25.7677	28.6307	22.9046
27.1992	30.0623	24.3361
25.7677	28.6307	25.7677
27.1992	30.0623	27.1992
25.7677	28.6307	28.6307
27.1992	30.0623	30.0623
25.7677	28.6307	31.4938
25.7677	31.4938	14.3154
25.7677	31.4938	17.1784
27.1992	32.9253	18.61
25.7677	31.4938	20.0415
27.1992	32.9253	21.4731
25.7677	31.4938	22.9046
27.1992	32.9253	24.3361
25.7677	31.4938	25.7677
27.1992	32.9253	27.1992
25.7677	31.4938	28.6307
25.7677	31.4938	31.4938
25.7677	34.3569	20.0415
25.7677	34.3569	22.9046
25.7677	34.3569	25.7677
30.0623	12.8838	21.4731
28.6307	11.4523	22.9046
30.0623	12.8838	24.3361
30.0623	15.7469	15.7469
28.6307	14.3154	17.1784
30.0623	15.7469	18.61
28.6307	14.3154	20.0415
30.0623	15.7469	21.4731
28.6307	14.3154	22.9046
30.0623	15.7469	24.3361
28.6307	14.3154	25.7677
30.0623	15.7469	27.1992
28.6307	14.3154	28.6307
30.0623	15.7469	30.0623
28.6307	17.1784	14.3154
30.0623	18.61	15.7469
28.6307	17.1784	17.1784
30.0623	18.61	18.61
28.6307	17.1784	20.0415
30.0623	18.61	21.4731
28.6307	17.1784	22.9046
30.0623	18.61	24.3361
28.6307	17.1784	25.7677
30.0623	18.61	27.1992
28.6307	17.1784	28.6307
30.0623	18.61	30.0623
28.6307	17.1784	31.4938
30.0623	21.4731	12.8838
28.6307	20.0415	14.3154
30.0623	21.4731	15.7469
28.6307	20.0415	17.1784
30.0623	21.4731	18.61
28.6307	20.0415	20.0415
30.0623	21.4731	21.4731
28.6307	20.0415	22.9046
30.0623	21.4731	24.3361
28.6307	20.0415	25.7677
30.0623	21.4731	27.1992
28.6307	20.0415	28.6307
30.0623	21.4731	30.0623
28.6307	20.0415	31.4938
30.0623	21.4731	32.9253
28.6307	22.9046	11.4523
30.0623	24.3361	12.8838
28.6307	22.9046	14.3154
30.0623	24.3361	15.7469
28.6307	22.9046	17.1784
30.0623	24.3361	18.61
28.6307	22.9046	20.0415
30.0623	24.3361	21.4731
28.6307	22.9046	22.9046
30.0623	24.3361	24.3361
28.6307	22.9046	25.7677
30.0623	24.3361	27.1992
28.6307	22.9046	28.6307
30.0623	24.3361	30.0623
28.6307	22.9046	31.4938
30.0623	24.3361	32.9253
28.6307	22.9046	34.3569
28.6307	25.7677	14.3154
30.0623	27.1992	15.7469
28.6307	25.7677	17.1784
30.0623	27.1992	18.61
28.6307	25.7677	20.0415
30.0623	27.1992	21.4731
28.6307	25.7677	22.9046
30.0623	27.1992	24.3361
28.6307	25.7677	25.7677
30.0623	27.1992	27.1992
28.6307	25.7677	28.6307
30.0623	27.1992	30.0623
28.6307	25.7677	31.4938
28.6307	28.6307	14.3154
30.0623	30.0623	15.7469
28.6307	28.6307	17.1784
30.0623	30.0623	18.61
28.6307	28.6307	20.0415
30.0623	30.0623	21.4731
28.6307	28.6307	22.9046
30.0623	30.0623	24.3361
28.6307	28.6307	25.7677
30.0623	30.0623	27.1992
28.6307	28.6307	28.6307
30.0623	30.0623	30.0623
28.6307	28.6307	31.4938
28.6307	31.4938	17.1784
28.6307	31.4938	20.0415
30.0623	32.9253	21.4731
28.6307	31.4938	22.9046
30.0623	32.9253	24.3361
28.6307	31.4938	25.7677
28.6307	31.4938	28.6307
28.6307	34.3569	22.9046
31.4938	14.3154	20.0415
32.9253	15.7469	21.4731
31.4938	14.3154	22.9046
32.9253	15.7469	24.3361
31.4938	14.3154	25.7677
31.4938	17.1784	17.1784
32.9253	18.61	18.61
31.4938	17.1784	20.0415
32.9253	18.61	21.4731
31.4938	17.1784	22.9046
32.9253	18.61	24.3361
31.4938	17.1784	25.7677
32.9253	18.61	27.1992
31.4938	17.1784	28.6307
31.4938	20.0415	14.3154
32.9253	21.4731	15.7469
31.4938	20.0415	17.1784
32.9253	21.4731	18.61
31.4938	20.0415	20.0415
32.9253	21.4731	21.4731
31.4938	20.0415	22.9046
32.9253	21.4731	24.3361
31.4938	20.0415	25.7677
32.9253	21.4731	27.1992
31.4938	20.0415	28.6307
32.9253	21.4731	30.0623
31.4938	20.0415	31.4938
31.4938	22.9046	14.3154
32.9253	24.3361	15.7469
31.4938	22.9046	17.1784
32.9253	24.3361	18.61
31.4938	22.9046	20.0415
32.9253	24.3361	21.4731
31.4938	22.9046	22.9046
32.9253	24.3361	24.3361
31.4938	22.9046	25.7677
32.9253	24.3361	27.1992
31.4938	22.9046	28.6307
32.9253	24.3361	30.0623
31.4938	22.9046	31.4938
31.4938	25.7677	14.3154
31.4938	25.7677	17.1784
32.9253	27.1992	18.61
31.4938	25.7677	20.0415
32.9253	27.1992	21.4731
31.4938	25.7677	22.9046
32.9253	27.1992	24.3361
31.4938	25.7677	25.7677
32.9253	27.1992	27.1992
31.4938	25.7677	28.6307
31.4938	25.7677	31.4938
31.4938	28.6307	17.1784
31.4938	28.6307	20.0415
32.9253	30.0623	21.4731
31.4938	28.6307	22.9046
32.9253	30.0623	24.3361
31.4938	28.6307	25.7677
31.4938	28.6307	28.6307
31.4938	31.4938	20.0415
31.4938	31.4938	22.9046
31.4938	31.4938	25.7677
34.3569	17.1784	22.9046
34.3569	20.0415	20.0415
34.3569	20.0415	22.9046
34.3569	20.0415	25.7677
34.3569	22.9046	17.1784
34.3569	22.9046	20.0415
34.3569	22.9046	22.9046
34.3569	22.9046	25.7677
34.3569	22.9046	28.6307
34.3569	25.7677	20.0415
34.3569	25.7677	22.9046
34.3569	25.7677	25.7677
34.3569	28.6307	22.9046
